8312
7455
6666
9884
1521
7196
534
3373
9496
9974
3233
3342
5824
6214
8547
8941
5926
50
3174
7104
1227
7552
4071
9470
8540
3191
7914
124
333
2757
9563
766
6579
1997
1440
6284
5742
9433
6314
2570
4893
2478
4885
8117
4078
3841
9560
861
4993
9158
6152
1125
6372
6726
515
9417
2052
7834
7546
7918
1713
2085
2040
1870
859
7254
9437
6268
5321
5696
6278
3519
8602
3797
9058
6413
394
1494
7006
7019
9923
5549
6555
4538
9246
213
2720
9920
6573
7071
5466
4346
5807
1530
96
6877
7579
6588
773
2209
7353
9790
1067
802
2910
6378
7181
4016
9709
666
5586
4965
1872
3210
4741
586
1882
9522
5127
5140
941
9737
2346
7893
923
5351
8495
8773
7650
1009
1547
5133
8711
2785
4765
7267
4981
1956
1891
8934
6497
5069
3550
6450
1517
2277
420
9055
6029
5996
794
5738
5414
7940
4003
2947
8846
2530
4873
7916
2521
468
5297
8094
5661
1773
2704
1925
7833
1050
4615
787
9374
6485
1832
4445
1449
6190
8573
9743
8881
7989
4072
7718
7915
8962
9222
9451
8675
37
2760
1984
2506
7126
9296
8687
3489
6394
1629
6311
2870
168
4375
1683
2829
1536
2247
8794
8129
2941
2582
3396
6955
1632
2596
9363
4911
3601
344
303
1652
44
6001
5510
4745
681
9634
9656
5242
2615
3093
4469
246
8252
5574
7034
6031
7735
3112
486
4220
3486
452
7288
9663
6849
5575
3917
3820
8747
5477
1115
5439
5459
7387
3997
9894
1286
1548
8936
3405
5762
6697
9385
1941
9266
4343
1167
7716
6322
2181
8475
690
6429
7641
3207
1684
9695
7119
3854
5711
2614
7470
6354
197
5608
6218
7442
267
8839
9972
5746
224
8672
6267
8569
9358
6544
8340
2086
2109
1665
8511
385
4811
9556
4789
1256
6123
1573
7963
8973
5522
7096
8783
4793
2907
4512
9700
7715
6132
1404
9295
4438
8751
6509
3506
4339
7194
8125
6404
7201
6803
7926
9648
1855
927
9638
6777
8612
7707
81
4695
4944
600
6102
2823
9088
9019
5176
1807
746
8284
9531
2471
1767
5627
7127
4342
775
8025
8506
3826
6562
2782
498
9873
9216
762
4322
3932
8947
7950
346
5613
3465
336
9546
2330
8299
8236
8876
7332
8877
3609
6488
2154
6375
8695
41
3899
7106
1792
2382
1450
9199
3277
3807
2843
3960
7925
2722
9719
8199
7849
5369
4328
2010
2207
3675
3218
5324
1692
7901
1950
2229
3691
9771
3387
7328
7672
2967
7130
8186
2743
4246
5992
3106
5383
2093
4123
3719
5670
2126
6748
9591
814
8391
4909
9027
6449
6494
9497
4736
2542
7577
3451
682
696
172
2367
4808
8805
2699
2173
6184
8666
671
7588
4703
3596
5303
8840
725
6125
7453
4627
9843
8204
6283
7150
3372
9126
9478
3186
798
1842
4333
2496
2860
6909
7583
5775
1046
3333
2089
7279
8734
5790
4904
550
5265
7719
9254
4484
6539
242
2053
4859
2923
7486
8809
1815
2082
4411
9047
6304
7778
4626
4352
4265
2685
6876
3095
841
1457
8994
3640
7477
4960
5259
2755
4208
3428
7653
8492
390
3680
9486
6300
2903
5273
1645
8268
9376
8658
9114
1739
5052
2133
271
8565
9463
567
9609
2128
3832
4942
7979
4417
3597
6747
4467
6344
3744
5177
3915
971
597
7067
4599
3000
7365
6738
233
7548
2857
6703
247
4372
5560
6147
2691
4704
9382
3713
2294
922
1149
2288
6794
9594
5158
2481
4419
8919
8905
6822
6528
1611
7906
2025
6956
5589
7865
9995
3731
5977
6216
8233
5408
5536
6396
565
7239
7638
2664
7962
5229
4860
7027
906
1973
1726
6560
1605
6056
3599
9380
6557
3193
3119
1308
3274
2983
8456
2554
4176
193
4369
3638
3642
4577
4103
6182
7561
8861
652
4826
2899
9342
3308
360
1451
8253
7444
5980
7251
7704
6892
1487
5149
3501
320
9677
2450
7113
7099
6707
8679
3364
3478
8865
9100
9081
8682
3687
190
3069
62
7335
8798
1206
9865
5859
8635
4166
5
2335
4901
856
3287
2721
7420
8118
3538
6663
4649
2320
7882
99
2244
6882
8790
6678
4458
9276
1839
1320
6585
9851
6502
4771
6778
7782
3347
808
1223
6225
2428
8664
1396
5813
167
443
8510
9818
1163
2688
5281
975
6479
9383
3153
2586
8327
3253
8214
7029
4300
3126
6174
6674
5044
1694
4079
6656
7290
3252
3128
5819
7275
4931
7674
191
1545
763
8338
4830
6850
5299
2105
1728
7232
1549
2500
76
195
2914
9087
6340
2401
3013
6584
4554
6628
3035
8584
5333
1161
2880
348
4870
8792
528
7473
970
3743
3692
9147
319
5102
8222
9362
3197
9243
839
4442
1461
4693
1620
1237
4757
216
7517
6258
4380
5070
7917
2452
732
125
6775
3752
7467
1137
7472
1578
7015
9466
1053
9119
7161
6797
3412
5354
5579
9443
9954
6128
728
9980
3021
3778
594
9805
761
9611
6546
705
9832
3520
5843
3048
7347
9988
6373
3616
3989
946
8131
6848
5036
4353
6989
7509
7740
9356
2099
7153
4979
3362
8145
4088
7220
915
3382
7536
2021
5276
8427
5709
9550
7752
4191
8420
5471
2311
4804
9471
2584
8413
9755
7951
1886
3944
4867
9003
7737
5107
8462
2149
5370
4619
6257
782
4504
6937
5316
5939
7573
2327
3507
6612
2638
2729
5914
6774
2419
260
5551
3471
1425
1054
506
1421
8896
5934
9278
3737
8039
4283
3846
9590
5193
6753
3986
5631
1678
8904
3182
6178
1914
7350
2590
83
8660
6309
7724
8294
7073
6701
5235
4249
4907
8460
3815
4738
8275
6323
2262
7837
2818
3988
8728
6428
2544
8759
5313
8116
9005
6272
651
7179
1874
9682
7057
6657
5111
4672
392
2788
7022
3606
7859
8081
9869
97
5845
2334
5436
4335
5172
8196
7121
1865
32
712
879
8813
1733
4135
2238
7691
9529
6855
3279
2292
4000
8445
5078
6042
951
9519
5296
6617
1931
9703
1299
3384
8906
1186
7202
3705
1354
8482
5895
3156
7213
3524
8450
1606
5373
8132
8223
7710
1607
9798
592
5982
7050
2676
1572
2178
6720
4643
6826
8746
7496
8248
2271
4236
9874
3887
889
5135
6366
3639
908
5258
2475
3143
2666
1413
9998
3208
8892
4108
2485
7838
6609
4432
1166
9902
7796
9078
4997
917
5964
7905
1546
7187
7295
1901
5658
8261
4228
2036
8224
2116
4269
818
8293
1248
7325
8178
3811
6453
4926
36
2145
7360
3211
424
2581
1372
7494
8920
2437
9335
5134
8572
5482
7777
6868
8350
5663
582
5312
7135
5493
7319
1052
3842
3635
6260
4799
2044
366
3034
2805
3065
6875
4293
6120
8771
540
4807
6526
9914
104
1850
7237
4094
3751
3229
8065
5643
7120
5810
7829
8527
6592
7052
7511
4418
1650
4938
2559
3765
6041
5989
8929
9878
3431
3812
7885
7024
4945
6091
3053
6966
5490
1424
1006
2523
6325
6918
1635
2459
7049
8402
2060
4629
1502
5646
6228
3831
8680
6917
3255
6035
731
8707
8673
5174
8744
6994
7687
7110
5152
9479
3659
3242
9744
989
3977
4801
1252
1152
6016
238
6639
3575
7619
9072
2636
9827
4858
5912
7643
275
5451
1202
9856
2398
6229
1047
405
380
122
8058
7597
3907
4272
9365
1505
7257
4241
53
1894
9710
6197
6085
7425
1673
7406
4054
3217
3613
52
7408
7866
4336
6766
5046
2599
5095
2147
2874
8874
8209
7614
7231
5710
1903
5430
7421
4326
6729
7932
8092
6569
3304
8769
6015
2602
8697
7566
8159
9666
6285
8732
4498
1544
5115
9964
3157
3338
7066
3209
7355
1182
5835
2119
8311
5707
2298
720
1482
2387
2637
5960
6894
1501
9534
3341
1297
4156
1822
3033
9637
1102
7690
7911
3009
6965
2384
3168
372
3591
8921
4459
1836
8110
3015
4514
2573
6482
5200
9242
3525
5074
3374
6020
1015
9629
7441
8085
3775
6203
7146
8737
2495
6416
978
6403
5942
2137
6101
200
5701
2532
2233
1567
693
4023
7228
512
6658
8642
3924
4204
6728
1051
9398
3658
3089
369
8154
4820
4674
7864
6582
6418
483
3747
8330
1599
9299
9227
1580
9180
7512
2831
4053
1658
6812
8379
66
820
373
1820
9096
1303
7382
3560
8860
4266
947
1468
3294
6578
9454
3818
4495
8370
935
2458
5209
8925
9315
8272
3650
850
1289
1741
284
5018
9897
6004
8195
7439
751
2195
8898
5268
1177
3602
4806
9006
7886
1324
1197
1403
8476
3096
9723
9038
2013
2230
9028
5552
3222
1224
5625
5876
9134
9903
2893
171
8381
8
6655
803
1966
210
1534
221
1837
8143
7140
5328
1080
4742
4685
9267
2819
6133
831
3783
2421
5795
3183
3002
3759
4805
432
4956
8003
2512
4188
5011
5295
3445
2457
4903
6610
3930
6196
987
188
282
1736
4035
7848
2454
1040
561
5064
8630
9632
7062
8037
3221
4948
955
5750
3610
4977
9583
4989
2252
7211
4935
8005
2405
1345
2902
729
9707
22
5848
4682
5137
9918
1508
2303
9394
4881
847
8136
9979
9172
4107
6242
7436
3474
1627
3140
1263
9696
3129
4147
2490
4340
5920
5201
2205
527
5106
6936
2422
4985
9201
6435
4398
2737
4548
7258
9577
2882
9344
9718
364
6481
7044
1437
8504
6670
5976
2039
5946
2120
1524
9314
28
6052
1233
3619
1098
1234
1644
8723
4785
8625
2849
2634
6699
8123
3629
9901
6262
7736
2810
3316
1181
5410
5182
3459
6961
5680
8176
5851
2862
9971
6685
2315
899
1672
4507
9425
4831
7567
9652
2456
3512
7584
8290
8952
1025
601
7750
4863
7967
6487
4678
3327
454
7247
7618
2343
8306
521
6126
5012
603
3881
2107
5868
4897
5009
239
2568
7636
2824
7485
7983
3204
136
1859
6921
7703
8036
8407
6013
5388
1677
546
8763
8688
311
8850
2998
6210
490
5112
6393
8490
9889
3628
7547
983
5400
5071
4924
2176
5915
1267
6506
8574
4838
5485
5571
4083
8916
227
6246
4595
6548
2503
1447
4573
6687
3238
7839
2550
4920
6442
2400
8810
7340
3618
8847
9392
939
9872
9671
2302
9963
7538
3996
6462
1970
6752
3674
7373
661
8562
4391
138
3041
9039
636
5245
9541
614
5565
3240
7894
8484
3319
9538
7507
4796
4908
9204
9930
3185
9780
9307
1577
5289
2962
8388
9955
7611
6254
5507
1018
3598
533
6503
7976
4479
6455
2510
7076
1024
8146
7845
1483
4027
9274
2698
8320
3179
7805
2861
2592
4307
2381
5189
155
4701
6390
2164
3149
8227
7020
7243
784
1643
8611
6702
7626
261
1355
3556
4940
7055
3272
1175
9910
252
7451
4697
9562
5378
6477
7601
683
9720
4212
1157
583
9075
1228
6115
3026
2873
94
5950
7867
5435
4175
7844
1785
2056
9326
976
8488
5301
864
8113
7815
6631
9040
8332
5888
3607
4886
1128
3011
5077
2473
9321
520
9219
2494
8055
7553
1091
2273
1039
4239
290
4316
1704
6618
3365
5538
8364
3798
3202
8644
3774
4133
2283
4508
4877
2764
6619
7587
8087
7283
5628
6644
4728
9312
7982
3078
3852
4291
3300
6222
2372
4967
5088
4428
143
8038
4748
4590
3889
2887
2243
3235
7970
966
8207
8662
539
3270
1639
2469
8497
7384
7930
7018
280
7051
1344
3956
1961
6943
7212
8878
6127
5641
2661
8807
7630
8181
4522
6105
466
9551
1974
5098
9209
9887
9934
7927
3461
249
4837
5219
8074
2950
7210
2319
6873
9653
3780
134
855
9230
8073
3564
4060
2011
2340
6484
5521
5617
8432
5180
758
5568
371
3698
6949
700
3250
7879
6498
5506
6400
5829
2976
2325
5310
4233
5329
7540
5062
5503
1795
8716
7109
9498
2585
1776
2016
5662
4755
2472
5090
4729
1003
9725
5660
8605
8694
8826
5881
1133
1570
4730
6420
9592
4699
2068
6408
4390
8419
8279
1797
8785
6247
4518
2185
3424
708
5636
4900
2342
4009
776
3487
4669
7942
6984
439
337
4778
9605
5442
9639
5852
3766
3991
8849
6078
9935
3315
8064
1013
189
7872
7528
2840
2641
6250
1883
5527
2064
5823
3754
6888
4864
5730
6381
5675
3531
1497
1030
788
828
6727
2054
7748
3477
4210
2866
161
5974
9366
887
3029
1471
4823
1790
5610
1041
6367
5858
1722
5811
7774
146
6153
4256
9402
1498
7975
2199
6922
5880
5092
2024
12
7799
7280
9508
4795
981
3001
2682
1667
3518
3800
8512
9225
3068
5556
7640
5254
9408
2468
2426
876
5979
1727
3231
4056
7484
8875
2844
4184
7032
2123
3548
7754
5634
3892
1384
415
4957
8237
5293
7533
701
7862
9587
4059
620
2552
1787
6781
3788
9407
7356
1959
5431
7405
6401
478
5108
4596
1825
4036
154
3339
4556
4827
1585
4361
1387
9795
1408
4624
8708
5683
680
7534
8690
9926
3612
9061
8590
1753
9714
4234
5000
1971
6596
7722
9588
5794
9404
4611
2417
8518
1069
2771
5816
2391
7001
8678
6475
400
179
8004
996
8817
3709
2081
6135
5836
1921
6559
2001
1676
664
7921
5501
1746
9948
5708
6318
1755
9453
4726
9099
4890
9753
8098
1401
4842
4516
235
6437
3710
5099
8348
9772
6114
5065
9159
1108
6710
7030
4583
3504
4817
9073
6012
3662
1912
1594
6026
7541
8422
9017
6531
7028
3909
7537
9669
2972
5452
9880
201
9442
5838
3135
270
5125
2362
3551
8832
6911
8216
2153
7514
1714
1504
4389
1757
5648
6516
6198
7474
7186
1280
2213
5729
8595
9968
1765
5222
3862
7007
6240
1780
8786
6320
5593
7971
5385
3578
4193
9613
3886
5338
6845
6903
6264
1188
9640
5178
1906
5386
8020
2358
170
2439
7743
7457
8262
9015
2799
810
2304
3070
7379
8882
1824
7149
289
7580
3230
4298
5576
184
4125
7625
6602
2015
1418
4786
7612
358
4743
5292
6941
945
4792
6233
4535
2988
9435
3728
7909
5240
9949
9375
21
2143
4950
2057
7352
9391
2955
362
5365
8743
1858
3813
4752
9756
5553
8425
4370
1564
5958
816
9290
3146
3843
3302
5339
8070
5562
5600
2851
7248
5902
9925
2989
2956
2777
3493
7078
5168
8019
3912
9152
2321
2528
1700
5280
1342
2881
4260
3702
8360
9839
7852
8028
8463
7713
7348
4217
9513
8307
5084
9341
2613
8956
4732
2396
8696
9333
7516
8739
1944
3192
4280
7253
2608
4769
429
4777
4317
4091
6057
2435
907
6469
1090
9233
9933
7440
7956
7221
5319
9033
9837
3632
6646
6208
3990
6749
9268
3733
9941
3450
7634
1812
7469
5739
4631
9730
2355
3268
3154
7318
8249
1666
5474
3863
3853
7188
7122
7308
8762
4652
5417
576
3534
9876
9783
8031
596
1073
9377
3529
5224
5831
6833
7070
7142
6549
954
7515
3929
4351
7825
5691
3543
4046
3
6023
3694
3415
7784
7492
8996
7793
3057
1493
7101
3052
3900
1293
2949
9049
910
3593
1943
1761
489
964
6406
6424
9138
1929
3682
2651
8538
1802
3299
2499
711
5164
4869
6040
8757
7017
7233
3975
341
7961
4386
1624
5232
2174
673
3004
8948
331
4587
4717
5561
624
5190
719
4
9842
5479
4312
1183
2045
5061
589
2683
5905
4646
9689
4368
9702
7603
133
8438
838
893
8885
6988
6847
6790
7988
8231
8229
524
2026
5541
5933
7779
8579
9051
8278
9053
5921
3248
9750
3175
7219
5248
6423
5952
5719
3829
8157
1140
717
8543
8449
2130
215
5394
5337
9091
6173
8301
2820
9301
4751
8951
2711
940
7734
5130
7092
9207
5620
2647
9952
1967
8234
2379
5502
6731
9334
3545
6518
3090
1479
2753
2774
7320
3711
6571
6624
3884
2012
8907
2696
2548
6689
9022
8385
1085
7739
9389
7863
2280
1772
2446
6957
3251
3019
1350
3878
4969
4040
6800
75
7075
2309
1379
6472
1893
6149
6068
2885
6930
2345
3888
7877
4367
9311
1799
4814
5320
396
9020
9804
2129
6601
9221
6048
1112
2680
3725
4199
2000
328
8938
7769
4275
5697
9048
5145
126
6816
3205
1503
3145
4939
9304
5191
1364
6411
4916
7147
2562
2326
2186
2324
8485
3460
1641
7771
6405
5827
2144
9002
5821
6643
8156
7012
6252
8185
950
563
5002
7999
5603
7137
3864
2365
5358
39
2253
4063
2762
4169
7965
4215
2847
218
55
7781
1429
2772
9646
5332
2658
1159
8001
6171
410
621
455
3603
4959
6912
8105
9150
7991
721
5473
4604
8977
7556
6630
4139
7447
9599
1902
1023
9226
1428
2140
559
4565
3707
5438
6899
8062
323
347
5727
3171
2163
4262
7361
3653
5227
7068
6266
863
4177
3896
8042
5375
3400
6948
1049
8816
8764
2065
6963
1499
6443
71
6537
142
4844
9418
1010
5798
1806
3363
7980
421
8386
3136
797
531
3349
3257
1625
4332
6679
7985
301
9054
5994
5970
3291
7697
7575
5059
4011
6232
9625
464
5721
1601
1721
9103
5808
669
9533
1525
7465
5027
2786
7176
4607
7550
6750
1357
5300
3587
6769
156
8091
5770
186
3039
630
9816
9821
6426
6478
4116
7680
3651
223
7585
8542
6858
462
903
9000
5249
5599
2977
7491
8760
7695
7539
9030
5089
7651
8067
4537
9861
9794
8702
9962
6677
5367
8924
4776
2745
4134
1473
3130
8615
2397
5405
9657
7798
8104
8568
6843
8594
2249
2604
7144
435
7031
5789
5875
5854
8394
8063
9651
884
5015
4739
237
2223
5725
2879
9448
6074
5903
4305
9275
5166
8454
4143
2409
3110
584
493
3438
1008
3085
7215
3216
8698
3726
9195
1716
228
2347
8632
9293
4024
3565
1744
2476
5020
6686
6760
2703
4077
1017
3064
2900
5143
8819
648
2524
2027
9157
7409
2935
6382
778
7525
3503
688
6514
1295
6365
321
9672
7230
1446
4972
1393
9255
8150
8029
6111
6082
5169
4408
9573
526
6944
288
2113
9932
4829
8466
8417
473
7274
5559
4290
9482
1005
6021
6253
1199
2616
482
5160
4129
8975
7226
4126
9576
4888
8398
2100
5120
4655
7358
6070
938
2228
6884
6814
9775
1969
8109
3738
9151
5545
1838
1568
2248
459
285
2655
5142
7236
2575
327
665
9148
7338
6733
8280
7881
2536
1538
9977
8433
8406
3213
6802
1249
912
4832
1919
8536
7785
5587
2904
5585
4936
2958
9828
2310
3868
5954
7229
9432
1146
5514
6669
1132
4136
1909
496
6982
544
8575
9349
3097
8401
844
9907
598
1294
8610
7751
4927
6838
9626
1758
4980
4119
4929
4257
8710
1527
8857
6852
4085
106
7524
465
9050
6871
943
5932
292
9965
7388
9999
7800
8943
3553
3087
2538
4214
7555
4773
5890
7291
7412
1674
926
5055
7841
545
9615
7321
5322
4001
6327
9870
6425
2733
7823
2690
2104
7797
4560
5080
4243
8168
1378
7997
7413
5128
9045
7172
9810
8903
1841
1220
4915
7241
2912
4292
2821
8749
5865
1789
9857
4182
7192
2339
3423
1699
5198
7682
8838
2749
3066
4998
3161
8336
9834
2578
1852
6968
557
8561
7574
1116
6226
6391
5904
9564
2990
9357
919
6080
3092
4946
5864
9680
1148
9297
5042
8239
510
9553
7218
9489
3950
2177
9765
5220
9786
2156
1145
9142
3495
1514
5758
5637
93
6281
1155
5995
9946
982
6185
9046
8477
4337
8271
3263
2183
7452
2541
5188
7141
5163
6176
1239
3649
4634
2527
9572
123
8607
2632
3332
9711
108
4404
7500
3970
913
9445
3164
382
7621
5973
2671
8220
2980
1082
1469
5997
5447
2775
3627
7633
8801
3419
3914
4650
4393
3377
6776
8218
8295
9024
6474
3758
7605
6737
5945
9251
1766
3301
5581
5427
3971
3223
538
9829
6698
5179
3814
8161
3310
5212
718
4068
869
7064
5857
5426
6303
8343
7393
3468
8060
1077
6316
5437
7857
4731
6688
1657
3079
1463
2444
4914
2097
7339
8187
2375
2806
9774
1868
7260
7759
7846
1310
1559
5404
9110
8966
5539
1415
1844
8999
6780
3494
9840
1480
8879
2430
4111
9540
8963
9336
3420
9789
5465
1798
6289
6615
1978
1515
6862
139
8634
4698
5244
2275
4983
1127
2981
3748
2761
6328
2258
8193
2526
549
5889
7949
5211
9566
7136
9994
626
796
9664
4581
8691
164
7964
8570
8623
8641
7899
8609
5450
3024
9721
7214
4331
3388
2908
3522
6808
9866
9400
4051
3547
2497
7124
4658
991
3102
8558
9683
8508
785
9472
3983
9029
6067
9601
5141
35
8367
8375
7397
4610
3727
5274
5470
2643
4855
5420
806
5444
6551
3785
1890
6457
1340
9094
7273
5647
6456
9318
1885
5262
6106
8730
2539
2009
9620
7148
8302
1571
3934
6395
5034
3712
8435
6866
6543
1778
3739
3429
1690
4718
8626
91
6071
5278
9557
5931
5082
1884
2811
7053
5544
7323
3361
3604
5529
2115
7041
204
3290
9537
6224
8337
3871
6419
5362
8812
7505
4410
1431
658
8467
2798
8061
5109
4561
516
6515
5740
7480
5343
1729
4487
3678
1987
8657
6902
868
604
9658
7508
7206
1696
7443
2545
6523
5828
5690
1089
9579
7670
2591
3261
5839
1301
9042
9146
1478
8414
8653
4285
8836
7048
6932
2155
4612
3245
7343
5765
1484
5326
4196
4379
9387
7296
2855
6199
4227
8328
2693
2191
3151
4737
8147
3872
4377
6649
8863
2076
5540
3457
9699
9784
5210
968
2863
9041
4984
3464
6832
4686
8915
3098
6629
4319
5409
5802
4509
5290
7745
1243
4536
733
4709
5423
8811
9766
4783
832
9447
3954
1439
1400
7366
3437
6950
1459
5021
3526
505
8232
4546
1845
6561
7817
1337
5455
5117
7286
834
743
4681
7013
7000
8319
2370
4988
4800
7174
3866
1516
5558
5279
727
9012
962
5204
3933
1012
1264
6985
4857
3579
6271
837
3670
6633
5484
2839
2507
111
2482
2520
7095
6051
2622
4020
9547
5639
9675
5486
7263
6522
3729
7088
2465
2769
7063
2667
5834
9684
3343
5716
3561
9194
8354
5496
3352
1179
9989
6535
5239
8244
674
7945
4758
118
9701
553
1232
1043
5883
1172
5805
2322
7896
659
4803
9777
6906
5023
2742
3289
7924
9610
254
4010
1719
3012
4528
3480
7154
2055
4081
8459
1214
6018
9617
479
5230
9512
9822
165
3020
866
2152
1254
930
6971
6642
5318
5633
7475
569
7359
8909
4012
4025
660
3851
3663
7061
3125
627
4279
2297
7065
4654
4764
8397
9360
1535
4871
9121
8135
5702
1983
4485
4902
1281
5393
2756
6742
7637
8714
3735
2265
9521
860
1705
7471
4162
8652
8352
4429
1583
4878
5031
6235
4327
1093
967
3799
4253
199
8778
7955
8059
3684
6195
739
7855
4378
1110
6317
8703
4167
9741
9973
3885
7157
687
1813
6835
9915
9010
5756
6574
4663
9492
536
3895
3492
5523
2620
7558
1455
2014
5596
8834
6757
2363
8719
3298
7591
3285
6834
3045
399
9830
6907
1359
3390
7613
2626
386
4976
3994
3234
3194
1193
7271
5689
6744
456
4483
9107
824
4039
3139
2869
6039
3605
8428
2948
1869
2854
4687
4284
7518
9571
2991
2344
5723
9068
2210
5236
9480
5692
397
1848
8356
2240
4200
3472
9372
3703
7072
409
1367
1519
8806
1926
5734
9271
1374
4171
8097
2323
7888
3869
3549
3452
5487
8008
4715
7788
3935
6093
4354
6188
3969
5154
2351
3967
9167
7664
2279
7772
611
4006
1334
4424
6495
3521
4770
3269
4574
5411
606
9125
3206
4850
6933
3198
3394
5580
1325
5468
299
8667
1693
3558
6092
2007
9655
3141
1398
9858
8993
801
9309
9218
4131
7162
6661
3348
3418
8300
4109
6550
2547
5741
6681
166
3566
2448
2883
1875
9154
774
2708
8051
9156
8018
805
8988
5898
3442
1651
8761
194
8080
8048
1405
7826
6342
7285
4880
2256
9069
9181
5060
4749
8179
6230
4559
9912
1347
6307
6431
6692
8715
6059
8645
105
3637
1225
3938
9864
3443
3037
647
5038
2675
6447
1686
6211
6505
3160
684
7235
1274
5806
6981
4895
2432
735
1962
9841
7433
7483
7726
8255
8515
1814
5537
9510
5850
2165
2251
8983
1587
8453
2408
1014
7902
9456
8444
714
5860
4474
6761
9234
8588
846
6008
1592
1316
411
6245
6356
2218
8437
1669
7992
5096
8056
2889
9673
9733
6066
4868
9283
8724
4121
5425
177
6586
8440
1712
9439
2306
1991
5147
6564
3973
9076
9202
2933
6000
3500
6751
5999
4620
3516
6820
862
1099
3275
1612
5583
5779
4580
1788
9420
1840
8648
9966
5384
704
6725
1590
7374
2784
5983
7648
3170
8709
4978
4639
3448
554
7900
6263
5927
9329
414
8888
6976
3180
657
6261
2501
1266
9747
6006
4008
5796
2414
8823
4274
2979
2058
4637
1687
4413
2984
9117
2020
9600
1918
6389
6422
6162
4798
2566
2706
5363
900
9993
162
4651
6312
9287
8470
1630
3723
2263
8616
5573
2707
875
4388
2201
6614
9388
9245
1385
1216
9108
60
6608
1453
6694
5105
7458
3652
8927
1470
4995
6510
4146
7880
7647
9350
4578
8292
1382
8507
7993
977
9679
6736
9612
2678
3527
6032
3622
7832
4966
8699
9937
7488
9370
974
8412
9953
1849
9179
7014
8404
5083
1486
7984
9203
8582
914
6017
229
6991
6929
817
9838
960
8119
6940
350
3563
4866
9115
3665
5136
4724
272
4101
2971
767
6286
1781
6461
8358
9446
928
8011
6306
1151
835
5360
6519
6995
8457
3402
1245
8242
9190
1871
6874
1476
365
2814
558
4618
2965
6219
9258
9444
8725
5894
3533
5910
4740
339
2649
7094
4150
1680
3559
1613
7948
2648
6517
5735
9277
4835
6100
6946
9298
655
7721
5849
4923
1946
6715
7105
8259
9660
2313
5085
4493
9160
3757
5512
2583
5861
4181
6842
9191
8443
9178
8520
5165
1662
5392
4074
2561
6369
2385
1609
3510
1897
7396
2420
1616
2727
2563
8315
6576
8139
6863
1520
1027
6680
5068
2455
9491
4087
2187
316
8581
4524
4750
2491
4779
7495
3220
3246
622
9124
6524
9011
612
3367
7123
6878
8917
2090
8613
9401
9793
487
4366
2560
2826
9561
7649
7801
7957
4138
9749
3890
644
3834
219
6155
7198
5693
6392
4113
2395
5379
3931
9129
7692
6990
403
1996
3077
1288
4245
6335
2808
4437
2301
4689
42
5792
936
1752
9136
1691
1118
9542
3314
3003
5457
2034
1062
9409
8121
2957
5677
7720
9082
5270
7386
4813
1348
2103
6362
1007
2631
2974
7378
4657
2117
7693
3690
6220
132
9220
7163
886
9092
6893
6724
7776
898
8721
9025
2841
4226
8970
2533
3636
2246
8030
6137
9848
2434
90
9984
9037
2051
474
1977
568
5572
7217
3554
6972
931
9528
3422
2453
1762
5644
4180
8985
4962
7501
4691
2431
2834
2905
2067
3086
306
278
6033
2211
273
6806
9320
3239
3855
3038
7205
4592
650
4238
1742
6567
2193
9623
4756
5590
5804
3181
4517
3523
4282
4168
1238
9465
4894
6887
4164
1475
6711
9978
7659
4356
4723
9367
640
7009
3677
6828
3148
5684
2281
1103
8323
7249
2333
444
1668
9991
3708
7499
885
1331
4195
2817
2752
1464
633
1187
5066
2978
2558
1402
1646
5787
6371
9438
1942
6704
5253
5155
8203
3916
4961
1500
2770
6672
2289
5595
3355
7889
4760
6187
4540
585
1412
5988
591
2511
9589
1913
1779
6011
8226
9337
6140
2394
2480
6007
9090
3088
2270
5234
1586
8546
3724
2357
7315
7746
634
6191
4636
9210
6117
8789
1370
6305
395
2221
5238
1176
3444
3570
6374
4876
5196
2601
6163
840
3416
4396
6934
8930
5311
8190
9467
4889
1759
4466
5315
4539
5283
4943
1433
580
3470
5856
2101
8532
7683
9532
1862
1420
513
5335
9071
8351
2901
408
6459
8551
351
9898
8452
7238
7337
715
7042
3860
4207
609
6665
7922
791
9487
8928
2505
8149
5897
8960
8362
4656
2609
4879
973
4244
4194
638
2594
9361
9240
4324
9559
4201
5286
9939
6854
9769
2574
7
4364
3700
5878
1937
2741
1156
882
7156
4399
2997
4076
1004
6119
2623
9659
4446
6458
5416
5126
7184
590
1058
2061
6302
5548
6605
2066
4735
5928
1675
8160
3793
2934
6270
6792
5847
100
7197
2639
2635
6819
7454
3340
6116
6920
1094
3392
744
3499
7684
8166
3071
7299
5705
9062
933
9013
1460
4964
607
742
5075
6239
8818
1994
572
3937
5346
7125
7629
5841
4696
4406
4525
2996
8859
4593
8804
4673
8912
4925
6801
5518
1366
6094
3155
4043
2537
3049
334
4144
8910
6256
4058
1226
5203
7895
5699
2927
6355
8076
4376
3116
9760
7842
5751
7369
8486
9305
7084
6121
5657
2724
8363
2937
716
4031
5619
1846
2188
438
765
182
4148
3777
5656
6740
6384
1356
6580
3993
9035
343
3357
4357
4209
771
7994
7758
3286
9206
4744
8395
6364
3742
1178
5623
8976
1218
368
6156
3621
5714
2236
8559
738
2813
1044
7428
1097
3787
9800
6204
5045
264
3498
449
1783
1957
2167
7423
842
1392
9168
6986
5754
8980
3456
4090
9323
5936
1236
6533
119
3496
7624
9802
7589
6696
8533
2217
6223
6158
8918
8066
6053
4047
541
6815
815
3075
1654
921
4066
7890
8371
3796
7310
2132
6166
9452
7416
6798
7134
3036
3043
3187
244
5026
1435
2390
2380
1933
9624
8587
1492
4922
1928
499
1513
9691
3833
4015
8637
51
6587
54
5241
819
1711
1569
6553
8286
1312
5183
158
2689
2872
804
310
2352
419
5150
5124
2425
2891
6654
5688
1747
9797
3808
7265
1602
8685
243
1349
1892
4841
3196
5752
3845
7936
2441
3108
2022
8913
2701
7438
5356
8531
9339
6454
1119
9476
5525
1555
5968
2569
8692
9813
9792
4267
4315
6380
5591
7873
7652
4582
5635
7404
5873
5809
232
4818
9569
3740
1679
1210
7768
1257
8099
477
3589
5221
4219
9745
1589
7005
2629
82
8782
4954
8603
5991
4057
2969
2951
8478
979
4711
5509
2837
1542
1388
9524
7346
7334
340
7493
827
770
8526
5614
7568
374
9411
1725
7016
4932
5144
9570
2492
7222
9776
4569
963
5505
6952
5726
2402
9619
7342
4222
3142
7240
7986
7645
6595
709
3940
7928
3162
492
202
5233
4579
3434
8655
7727
4951
8729
4847
2795
6818
9676
7996
809
7368
5987
768
9886
5087
312
2917
1215
2836
6324
7297
5530
4547
6154
9032
8283
2489
3189
4934
5261
9089
4345
537
9474
4899
1615
6717
2966
2567
8396
9567
9163
2483
3625
7655
3819
7595
5371
5803
2006
7059
1304
5146
4670
5489
959
4545
5119
5519
7252
7199
7080
2407
370
7919
5944
958
6143
1452
6851
1246
354
8225
3828
7850
8392
4970
1434
6440
8797
442
9186
2852
6377
7959
8114
4584
7255
2621
7813
5121
9421
1763
8990
1016
4476
434
7278
5440
3656
9596
1754
4205
2171
9373
4853
639
3173
9292
5961
472
6927
896
9188
7789
3701
8946
2127
5159
610
2308
7185
1908
5480
8686
4278
1939
4725
3966
4070
1751
4917
6611
1129
8269
3816
3325
4178
1277
9582
2922
4414
5606
169
1490
2825
9895
5151
9228
851
4523
6055
7792
2032
9604
9616
2415
7307
8089
8591
8106
5535
6960
4308
6165
6897
2765
1275
2017
8468
747
5266
1706
2610
632
5674
8022
7193
7038
5655
7362
3894
5771
7045
7747
5461
127
9440
6161
5043
3282
4665
5206
4273
1208
2295
2260
7244
1222
497
1801
6160
1877
6151
9347
240
7364
3111
4240
4468
9899
9269
3697
1064
4451
8513
9468
5911
9862
4819
4223
1576
2712
20
7933
1160
4815
9578
1554
3082
6046
4306
8897
4761
6350
8410
3908
5110
9415
6345
6924
3169
7026
1562
1532
3898
6014
3595
9908
4455
9473
3585
1509
7869
7811
8636
6259
3980
1533
4132
4431
5428
412
1438
2290
1285
5287
5118
4472
425
4882
89
5284
1021
2888
2802
8545
1019
7954
7571
4767
2525
9493
3927
2451
8776
4520
8967
8982
2896
6541
5524
3676
3247
8324
2062
324
1162
8578
2286
2239
6301
7559
9778
45
9063
3850
5446
9647
8887
502
7082
2916
6532
9585
2112
2792
7079
1596
8880
8012
101
9736
3177
3921
920
1740
2723
8940
5264
2159
5815
8115
3630
8344
6975
7069
8677
11
6529
1920
1318
542
8017
3307
5389
6712
7699
7946
1290
7133
6662
9169
9692
8668
8891
5508
619
436
5812
5528
4384
5039
7434
7937
2619
1376
5350
2486
6583
6321
3014
5101
3200
7322
2267
2780
8722
1352
8521
2597
6645
8442
1131
9239
6409
3976
628
8539
5526
145
9428
8431
1518
6954
7479
7998
7380
9170
9241
342
706
8165
3773
504
3466
8322
6130
7767
5703
4314
3874
467
63
9140
128
2627
7696
9888
367
6566
4846
3883
5955
6471
5793
9384
1768
3366
4454
2717
3699
4768
9668
2460
4254
7616
2593
2928
69
9257
9331
8873
3767
9457
8814
1105
4073
2975
6436
4638
9464
880
9122
3084
1394
5202
1456
9009
361
113
905
4145
581
7167
234
8981
7399
3536
7168
6251
8854
7245
5899
3124
1121
6172
9770
2529
4763
7298
9543
8171
5797
9086
2371
942
1360
2184
2932
5277
2328
150
3859
9916
514
8953
1444
6141
4270
6061
8487
9608
937
7602
5700
3127
6869
1495
649
3583
9853
7040
137
723
5302
3963
9189
6636
5100
6113
4683
7208
2
2677
3946
157
1915
8894
4395
6805
3671
707
3278
5717
800
4416
4933
7756
9944
7269
8380
8309
1809
7003
5464
9713
147
6967
1124
8127
7812
1358
777
1279
2254
5543
481
6399
5532
7091
2740
7270
6063
417
1623
9247
698
7968
6027
3132
84
9064
1598
4359
7689
2895
3007
9004
9825
173
6243
7822
6859
1430
2710
8550
5205
1407
1804
8554
2670
8194
6719
220
3080
7344
174
1423
4500
980
7578
5469
4986
3330
2681
9992
548
4532
8107
391
5395
8596
4190
5418
8124
5132
7662
4433
543
9332
2404
8784
9212
2406
2484
5769
3329
9396
5483
441
4462
4555
5063
1253
7372
8829
934
2612
4680
9483
2925
8079
5706
642
6779
117
5247
1074
8755
5777
7476
8606
9982
3734
381
9788
7802
6759
9905
1411
4614
9773
9924
6959
5001
4570
3283
5495
6983
357
7116
6992
9520
4320
511
8787
867
3413
286
5715
826
2551
1213
5626
9961
9854
8496
4250
7432
1954
2316
3005
9229
6175
3608
699
9405
7677
8164
3922
4371
7557
7676
2791
7590
231
27
9001
3844
203
8589
9909
8152
9282
1309
7189
9036
7392
1113
4856
2517
8264
1588
1410
5016
9043
724
8676
3861
2576
6079
1923
3115
1135
5515
5014
7694
3241
1126
2938
1703
7354
1512
6290
5744
1417
2746
2041
7448
3624
7510
6110
625
6277
4947
5504
9328
3817
9806
7572
7097
2377
5668
1028
6831
8820
5698
5381
1268
2679
4151
2142
2650
5022
3453
9761
7025
3346
5377
6999
7631
4529
355
6594
4189
8023
3715
8173
8321
1031
3999
92
114
8949
3879
1231
7669
5181
6540
9958
1144
5345
7766
6895
2763
999
9607
2766
2652
9729
4186
3952
3199
9855
2180
1305
3590
1924
9085
1488
6104
2411
8191
825
9642
262
6980
961
9875
8399
6319
25
4325
6969
2341
6641
6201
9514
2276
646
5161
8276
2232
845
8458
3926
3061
8491
4392
8701
1584
6695
1485
5419
2250
4714
2945
754
7326
7462
9112
5361
5760
4122
2121
2828
8693
26
1343
9338
9211
7407
2504
3544
8057
2713
8426
5275
4381
1720
192
2488
8738
4521
3032
911
9505
6789
667
4104
4394
294
6164
5359
4849
5003
4405
4295
163
2072
3281
4848
871
7311
676
1648
9558
5513
8441
2657
789
7289
3040
265
6817
9754
6181
5246
6829
3114
4787
19
2815
9250
4632
7415
2168
2200
3397
9303
5814
7741
686
2633
2694
9767
9900
5929
8260
4400
6060
6167
7371
1399
4289
6534
5652
3857
6997
4630
2909
6019
8429
3058
6073
8624
5664
3645
8189
5555
129
7132
1563
5028
3992
2515
5267
4609
5781
2509
4780
9509
3755
5749
1551
6360
338
5900
2646
5624
4513
8273
4296
7489
7938
9149
8766
9796
9285
4503
8748
9460
5966
8212
986
5935
1881
5731
8959
8544
5454
9738
4661
6295
7725
5853
3051
8101
3641
6330
5148
1063
5334
7427
7600
2628
4613
5256
8303
588
1212
3244
3243
3163
144
5138
9960
1481
7761
5720
5445
2368
1328
9823
519
1834
475
641
3706
9340
7840
9308
1217
2790
2519
8465
1432
7738
2518
9708
3891
8002
2069
2531
4450
7790
9261
8560
7856
4557
8599
5403
7883
6296
5971
1078
7466
5563
5314
135
8889
4202
8318
6410
5325
5799
7686
7874
8387
4883
3215
9927
8213
8914
9997
1065
2674
1075
3072
7060
7302
5187
8221
4034
4822
9023
8600
7599
5058
5550
9674
5260
9253
7660
9399
389
2878
9184
67
8522
9161
2797
9742
9846
9581
1079
2735
6500
9459
5842
7293
4064
9833
1990
2961
8525
1211
1055
61
8530
2440
7152
7021
5432
6554
9687
7329
3530
4640
3685
2261
3322
8978
1952
4330
5665
7830
7977
9758
6326
2853
6525
377
4501
3736
6807
1284
5733
9511
3806
3776
8240
3321
4287
7316
7011
9728
5472
1261
5962
1196
430
2350
3870
3836
6763
8174
7760
4127
2986
3945
8251
1770
4286
6885
8473
2606
7155
5050
6581
4809
4677
2170
2088
769
7246
6908
3018
8629
14
8803
952
8075
2150
5217
1416
6735
8791
5294
3626
8210
530
7819
9397
8646
9488
4029
1833
755
2534
9845
8142
6786
3147
6244
2963
3027
5862
5682
2122
1698
4374
5669
7969
8288
6293
740
2915
4017
6607
7675
6563
5116
1803
230
4062
1794
6209
2202
7755
4502
9967
9911
3513
6508
7876
1975
7592
8592
4544
5226
7939
1791
1059
6134
1240
5743
2197
2445
4551
8289
2758
5048
5269
6598
3631
5826
3435
2353
1597
9649
326
480
3371
3350
2571
181
7818
5520
8908
5494
916
4836
6821
9630
4874
1300
6109
4625
4623
2871
4754
4496
1760
1796
2114
2982
9410
8768
1531
8052
1640
7654
4549
9327
2600
9105
6880
2282
6799
4746
2231
8902
8608
4271
6138
309
3103
6767
2189
6351
1774
4344
4409
7166
9739
1496
8633
990
9259
3107
3750
1887
6476
2124
6635
5372
4007
3059
2654
245
1506
2418
748
1194
5592
8045
8024
4608
7995
8555
5759
8451
1579
359
829
997
4671
5786
2498
7642
6274
1454
8014
2929
9381
9580
2092
9686
1663
7401
3769
2572
422
6589
2540
2739
85
7870
448
330
3271
1307
5687
3576
4461
2403
6337
2075
7303
6599
2754
8528
7763
3667
5463
7898
7615
317
9111
3877
206
9458
4130
98
5208
6043
1068
752
4460
5621
58
6653
3897
9919
440
2822
3226
1916
9093
6446
7804
6825
1864
6170
2714
153
3941
1381
3790
9906
3569
7093
7702
1863
9501
6353
3008
7449
8424
4616
2204
4887
5327
6483
1553
5607
892
8415
5344
1638
5304
3803
670
7887
7349
187
2809
4482
3623
9525
9353
1853
6269
266
2736
5818
2212
5907
5412
9808
7712
8263
2964
1419
6238
8013
7398
4647
8621
7004
7644
854
3668
853
1192
677
3511
5616
6501
1122
1735
8726
8095
2848
4048
1250
9034
8548
6275
8718
5255
6028
5676
2546
4478
9231
9
5081
3432
8822
4575
823
3360
3225
3473
3782
6650
6606
1539
6891
566
7294
2535
3615
6783
5695
4423
255
1095
1831
8365
4872
2692
4892
5949
4420
8355
2135
9503
5869
4633
4444
1272
8537
5650
5223
3104
2768
6062
637
3123
5874
6915
9782
7958
2048
8800
3901
5104
110
2095
2875
9762
9182
3972
2644
6886
4050
4288
7705
5985
5922
2656
5349
5761
4412
5516
5173
872
198
2833
4898
5250
8382
1900
4382
7731
3876
6591
1560
3611
5885
5113
5940
322
7139
1621
6213
3753
9751
2443
4585
8069
8331
9008
6237
8968
3505
9881
1317
7043
7264
196
1262
7564
4258
901
3479
5448
8313
2291
9712
9746
8243
4762
3467
1048
3401
9871
9325
8868
799
4594
3337
1395
9165
2580
2241
1168
10
7897
7429
5097
4299
8665
786
3120
3809
6294
9951
1661
6743
6168
4734
2160
6625
4597
5884
4875
3633
3150
8979
3683
8961
1269
7698
8529
2886
3344
5072
5139
6793
6095
1811
3961
1087
2096
8180
80
3571
10000
3485
3693
9852
6346
7604
6097
2169
7085
3047
8082
7563
4719
8000
2747
6348
988
4526
7663
8403
2179
8369
8027
3517
291
7569
9197
8775
4589
6180
992
5737
7972
5076
1259
8390
608
6186
6565
3880
6417
1817
7711
1045
7086
1390
5601
9097
4095
3664
1689
9781
3837
1857
9586
7576
8654
1319
4622
5685
8034
3176
269
4348
4084
6667
6112
2285
4598
9280
1935
6037
8310
5047
9423
8219
1409
4531
8758
7667
1033
4045
3074
1960
6273
1556
3159
6464
9359
9070
6122
7234
3905
3987
7250
2412
74
5086
2669
6898
2783
5517
7490
7749
277
5123
2447
8201
5767
4259
7115
281
7593
1467
2665
6084
5651
7411
6652
5791
5605
7913
5909
6336
6684
5654
9232
6387
5554
4141
8563
685
9355
7345
7037
2084
7656
9371
2868
1363
2577
4213
2565
2865
7635
2332
822
1917
4641
2953
7730
3794
4486
4093
722
6914
1371
176
2305
3152
302
8604
6545
8971
6227
3178
5728
4994
6870
535
1659
2029
7468
3903
8378
3109
5305
6241
2110
2835
6916
3407
965
9849
3540
7164
6676
6234
3965
8706
1618
8202
3947
9393
3920
6970
9530
8651
5317
4747
7284
1786
1034
8683
7112
2796
6136
3463
3804
2995
9139
9198
3542
575
8446
30
4120
6853
7853
643
7627
4456
993
5867
4383
6075
3031
587
8215
5622
5953
8700
8170
595
2284
7987
2640
2175
9748
1260
8418
8257
2050
8754
3786
7868
2645
6765
251
3386
9390
9694
6570
6809
3476
1821
5986
4098
1955
7077
5630
7843
1198
1876
7058
3838
6177
7171
5773
9016
2203
5582
9850
8436
3276
2718
297
8270
3313
9893
4004
613
6568
6236
2587
4839
3481
6022
8890
5184
6951
2245
9670
2748
6939
6830
1141
7549
4277
8516
9065
4653
8989
7376
4774
8638
4170
5005
2705
4089
897
5449
2715
9752
6349
1491
4161
4973
5511
2018
7103
1333
6077
6706
5570
488
6468
6935
8408
5594
6363
4810
1507
9272
6879
3867
3537
4635
6590
675
2269
904
6107
5122
4645
2071
1173
5533
8430
3795
6754
9300
3643
5924
7521
3483
9976
570
433
4541
3648
1847
8663
8447
1750
5352
4158
3647
995
3212
3166
485
7039
9704
5908
8326
7620
9133
8593
4018
5037
5832
8010
9885
1552
3249
1734
5024
3875
2700
7341
9141
1298
8756
3328
4676
1180
1866
4452
4666
7282
7313
9395
9265
1204
7351
4865
508
1448
5892
518
3716
5672
9665
6668
2944
3552
7268
4475
1867
8108
6504
663
8439
7114
7305
7717
3484
2726
2936
463
994
6299
9936
491
1958
1282
3267
1988
4447
5673
5355
6823
4019
8254
8044
2266
1550
9724
5382
7775
8639
5916
2931
8499
2008
3063
7435
6603
1945
6086
9284
5271
1109
8944
3165
4828
1593
953
9131
398
5567
225
9693
9263
9060
120
2513
416
8122
7532
4990
335
4992
3669
250
5959
8998
6771
6627
9235
5844
8942
4862
1999
662
3644
5195
4566
7960
9799
9223
8727
3264
949
7204
7973
8955
2942
7445
1723
8689
3657
9552
7390
9260
7912
6700
1313
6064
2002
1311
635
2166
1682
6693
1362
484
4387
8984
5694
8601
1681
7503
6054
1100
8339
6179
3497
8134
3458
318
2038
5456
1092
4453
9544
3902
7504
3306
8188
8571
8138
4477
86
7953
2317
7175
2939
2859
2383
4602
1888
8041
1557
9288
8032
3430
7681
9507
8848
4928
7701
5467
7598
5588
6379
8140
5025
8090
8974
5937
2787
5822
1709
4492
7395
4552
8583
1422
447
8777
1775
8217
6787
4457
5602
3825
8772
64
4621
5569
9597
130
1664
4402
1828
2462
7129
3771
9996
4667
5499
7673
5291
6467
8093
1117
2732
623
1608
1338
5433
7795
3010
3256
6659
2073
6521
2522
3167
4237
4105
8342
9698
1169
6248
1816
1443
8316
1022
423
8277
9102
2349
8334
214
1147
1081
6444
263
1120
6910
4562
376
5969
4174
4481
4341
3546
8238
4140
8469
6489
6297
4971
8796
307
7306
1037
4955
5578
1315
3953
5073
1107
6083
3745
3288
387
6045
4470
8954
2930
9667
4511
948
4490
6331
2731
848
2331
5336
1373
8335
2046
5153
8133
5732
6993
2812
7661
8006
9026
3260
9516
4114
3158
1150
6144
2884
8770
5618
5429
9969
4530
1934
6430
5598
2830
2918
2094
5846
783
268
9477
3455
8405
8628
4568
9645
3839
6613
4255
3979
5004
7773
3660
1001
2858
8411
313
8871
3910
3303
616
2856
379
9214
4690
8325
3228
8556
1143
7160
3447
4355
6025
8704
9844
461
9523
1377
8137
3584
7426
8713
7617
9715
5156
8995
1365
830
2429
1558
1976
4975
7497
6433
7806
9080
5747
2436
7974
5131
4628
1963
2673
6864
3297
3865
7594
9921
9628
4251
1332
4553
3134
8853
4365
4586
2198
6287
6044
6768
8353
8505
4362
9931
2954
8808
2214
3462
3764
7847
3227
9879
4534
2926
8498
9461
8072
3968
7646
1154
8205
7860
602
6739
3138
501
6103
9584
4152
1880
4159
7437
1247
2257
4449
5390
1932
4642
453
9490
812
207
9943
1793
2031
6925
6386
1076
8886
293
3378
5855
8049
5833
5033
5584
9892
4363
6651
3100
5679
8359
4415
160
3948
6036
2190
4118
2079
8939
9928
6973
6772
4229
7033
5285
4155
6804
6310
4790
3508
4041
8831
6978
8317
8795
3810
6785
8304
7700
3224
645
5766
4480
1070
2890
4030
18
7639
3955
8866
1170
3913
3426
8964
3686
9975
8341
8151
5763
4772
2222
1910
6682
7523
121
2695
6090
8474
7481
3292
4055
7138
7520
1326
9162
9192
2361
8481
972
9153
9031
9059
2845
759
296
3714
4896
8523
6486
2642
183
2660
6953
298
3359
1951
689
9145
3514
6520
8400
9313
8640
6157
1346
3943
9067
3323
5492
1622
8867
1896
1335
726
2759
3721
3741
4494
6002
6905
6660
7814
5757
1771
1219
3356
593
9244
7666
2337
7333
703
7770
4434
1229
9631
2360
3762
451
5364
1745
6451
8256
5399
34
7990
9419
6402
8620
5397
401
7966
2516
6987
3688
6705
446
3028
7159
9302
1718
5207
4550
6538
8736
2816
3056
9213
1278
2192
1628
5947
3830
7118
5323
2364
7606
7410
7117
902
5029
2033
8120
5886
7424
445
1474
813
7628
6206
4318
5051
3539
4112
7128
7764
1442
6900
469
2686
8781
9430
4473
4037
8158
2804
6415
1861
1336
8282
8177
929
2477
383
1361
159
1968
4154
1389
9835
2461
6883
4117
1948
5237
149
7487
5629
918
4564
7375
2549
7145
8992
1111
6741
3425
3567
4061
7527
7430
2125
3906
7952
4401
2083
2131
1511
3475
7679
843
4542
6770
5243
7287
4153
1808
6904
1940
9763
9644
4102
6632
5374
9205
4668
8169
4716
2709
5919
3789
6634
1066
764
8753
5957
5930
4527
4360
3324
3379
9768
9863
16
5837
6358
6527
5006
4218
287
4996
1153
5776
3586
8580
8618
556
345
692
6217
7753
2030
2992
5251
3634
457
6913
1731
2877
4974
6547
4268
5778
1191
8208
2049
33
3389
1002
4702
3439
2838
8733
7446
9779
5817
9306
1171
8298
7183
849
8774
3354
857
8893
9811
6604
5443
6334
8969
2906
4026
2589
3768
2624
8296
7177
7809
8517
2734
8047
8899
8026
4183
8389
8130
8483
9867
131
1241
9378
9345
3562
9368
1697
7658
325
564
4002
1321
6339
6714
209
2220
315
5216
525
1165
7089
8153
4533
3949
9740
5103
3121
8851
8566
6398
8752
2894
5340
1035
5866
5497
3219
2336
678
2059
7733
3375
217
8647
295
7216
6131
7981
3732
9815
6638
4426
4991
4232
7824
2553
3904
6030
2162
8197
4192
2832
5094
2970
6169
4464
7422
883
780
9113
5882
615
2940
7668
7225
7708
9826
2943
5401
3646
6762
1769
3490
4096
9554
4185
6255
1819
1353
8705
6923
8235
2662
7728
2028
2730
4499
9517
3395
102
1743
9118
4334
8799
3441
9526
9868
9406
5175
1322
6844
2102
6139
5783
3190
7920
7107
5667
3083
2366
4443
4941
1898
8957
5830
5041
5671
3025
1905
5488
8950
2946
6288
4710
5993
3042
6003
1088
7158
3696
7622
5546
1386
6758
5820
7242
1314
4722
3016
1283
3984
6575
1056
8241
7331
6207
6865
9787
672
1036
3368
3399
1265
9294
6212
5032
793
9654
7301
1026
140
495
9450
6756
8033
3661
5252
7002
7460
59
8167
8393
792
629
2625
9057
9270
1106
1271
1184
5434
95
9716
4952
2106
49
2077
7810
1634
1947
5030
5978
9986
7665
7892
5272
9643
1981
2369
7046
9574
2466
9286
9310
7560
5040
9661
7803
5067
878
5748
68
2514
3393
6412
3101
3172
6572
6005
8148
1032
3318
8631
9791
4172
654
3345
6249
6708
4313
72
5941
1296
1445
7391
8384
7403
23
9527
185
4692
2354
6974
1782
2255
6889
4662
2487
890
2215
9641
4601
2063
713
579
9504
7729
1207
353
8228
6108
4110
9166
31
1529
4707
6860
2968
9164
9379
8111
8472
3144
1889
2148
5906
2037
1351
790
2719
6473
7383
2278
2070
4347
107
2579
1339
300
7544
6675
5049
4905
7871
1528
8935
6087
5288
1
507
2427
2738
1414
2728
4069
2892
7180
1566
2004
9950
2293
9494
781
1998
6513
8824
1341
8050
7685
9636
2138
772
5380
3351
4430
2208
5007
1201
5170
9633
5801
8535
3370
9722
4713
7367
1633
2850
7545
9217
7054
7414
6292
1000
3409
5056
8835
2091
5035
3594
1617
5547
2146
4591
3574
1101
4918
9144
2467
503
1823
9947
48
1851
2867
5755
1397
7607
4781
3309
5214
7978
9021
393
9364
8258
8661
6919
3951
1323
9236
6470
4407
1185
3792
7456
9697
9436
4297
8780
3073
9807
5918
4852
6512
5353
8937
6861
8765
2378
8872
9177
7542
5666
7300
852
8741
7317
574
1057
5913
211
4543
3995
1477
4794
7502
2023
3254
6361
7526
745
6098
8494
8084
6441
6622
1985
8932
8997
2617
5458
517
5872
6332
1688
1660
1061
9014
741
2555
9555
6856
3113
9836
500
2118
3964
1205
4422
3673
1810
2803
9985
8192
9183
3847
3568
2274
4572
3131
1827
3427
4092
2987
3974
2449
7531
4694
9860
4142
9627
4688
6979
3749
378
4963
3959
6146
4427
1626
7791
4465
3099
8656
8266
7169
4834
691
6945
6691
2846
1614
8923
6977
9764
8788
9109
1582
9606
7794
1510
1270
6150
2307
2985
7529
7836
9731
7464
3535
2973
9317
9187
9662
4149
807
9803
4187
1466
7513
2898
24
6671
9248
7111
5415
5476
4216
4403
3532
3312
7102
329
6148
3383
909
6647
6193
9495
1826
4160
6010
730
3408
6388
6810
9319
1136
3380
1604
258
8421
5887
1489
6901
3060
1685
9084
1710
4276
3541
6962
6857
6024
3666
3311
6577
8250
5475
617
9348
7551
7657
4937
2042
4052
8077
4044
8858
4488
426
5724
4605
4385
3502
3802
4797
4861
6734
7389
8931
6159
4659
9957
795
7907
7191
4891
4463
8864
7498
6445
7931
7047
4303
1972
8054
3081
1879
77
9705
8184
2329
522
3617
8281
9621
6840
870
6463
1436
4448
3573
1330
9429
1927
4022
4005
8501
1724
3195
9635
9896
5712
5341
695
6824
3555
1174
8669
6881
3118
8287
1708
3358
9904
7787
8576
3763
4033
7131
17
9106
8086
6732
5718
8479
8643
7402
8750
8945
3117
2776
8172
9877
811
8297
4759
9343
4329
3265
710
9847
9101
532
8987
1084
3824
4982
9175
9603
821
3746
3482
8802
9983
304
9079
3681
4165
2474
653
9116
5013
3353
1537
9422
4281
3137
1930
5406
2842
3620
4588
6343
6493
5825
7706
2423
2959
8349
8155
1134
2080
7861
2778
2750
4049
2226
6745
7807
6466
5774
1072
1600
4563
2172
6338
7678
7385
9431
656
5307
7671
9264
7519
8986
2607
8182
7400
734
6813
760
4825
5645
2389
5199
1642
3133
6072
9413
4247
205
3091
3720
3331
1306
3822
8345
3184
3779
428
9706
4712
3122
6034
7530
9812
3188
7324
5984
6499
7875
1964
2502
7170
5171
2793
1458
4179
7522
332
1581
551
3577
3801
9481
7090
9506
4075
1904
7910
6315
895
573
5891
2697
2999
1707
4791
2136
7259
2630
5347
9330
2151
3962
2913
4953
3592
9434
3488
3722
4302
7808
4987
8883
1523
4294
2595
4906
5213
5681
8274
7292
1273
3919
352
1835
8053
8434
1670
4497
4644
1380
552
3827
8552
577
5965
7783
4775
2078
7816
984
4705
6370
2299
571
9859
6811
450
4014
737
2141
2234
3600
4042
9598
1656
4397
5079
1130
1764
4968
5185
3942
4884
8828
3730
6964
437
2668
7582
3695
1631
9548
5387
4309
1854
6189
8088
6621
6145
4843
1695
9535
4603
985
7570
8448
4358
8862
1142
4833
1368
8021
9137
9208
9502
5604
9685
3557
8825
4421
1565
4173
6200
7904
2993
881
7261
1209
4824
6205
7851
8549
9929
1020
7207
3823
4264
9193
4919
9176
5938
924
1522
8541
3433
8198
3006
1777
1042
8598
4648
8040
2300
4231
2779
9077
7036
3305
2074
6
7195
3704
8670
8357
3791
458
2225
6730
8841
3509
9981
5057
314
5871
4510
6202
6723
384
7450
7762
8265
5225
8514
2287
8911
7609
2242
5091
7304
1029
8305
4436
6530
8681
8742
6788
5963
5542
2416
9281
7828
236
7314
2272
6329
9814
6460
9942
547
7370
4733
779
8553
9155
888
1242
1462
460
599
56
3985
8614
7935
1953
5785
6089
7224
4567
6683
2338
70
2424
8815
5309
6049
9120
406
5704
6383
5615
5863
8346
9688
175
4106
9890
3588
8524
1873
4664
3923
6600
2111
3280
5736
5194
3410
5162
6376
8035
5990
1406
5228
2264
1195
7854
6648
6047
5925
6352
6542
1938
413
1980
4845
402
9007
9351
6841
9735
7256
7461
8965
2924
9820
279
1756
757
7459
1441
2807
1591
9412
9475
3761
9499
6407
2921
6359
3939
8007
3805
8671
9354
2897
5218
2043
6782
7357
5500
7714
7535
4065
15
6942
4425
1526
5453
5566
9098
8926
3718
8856
6129
4435
8245
3821
7744
5564
8534
3336
8502
5534
9726
1375
2268
4032
3055
3022
6722
40
8009
1732
8071
8622
8869
7100
6183
2161
2348
5017
3296
9518
8361
4576
3858
1715
8183
2716
248
3320
8972
3044
8870
3376
7377
2684
4921
1190
2376
8958
1561
9690
1922
6194
9127
222
8471
9568
212
3957
6709
1843
9500
5421
8383
5053
7327
7581
8068
9882
7903
3203
4198
148
6556
6276
1949
4197
5167
1805
9549
9279
8833
7554
9200
2618
2413
2206
4505
4558
1158
6784
257
3236
2911
7087
6795
57
5609
2003
8500
9940
8731
8200
9565
3050
6938
349
2557
969
7820
8046
5531
88
4323
5800
3856
5896
7381
4913
9056
9171
7610
7143
697
5640
1936
7482
1655
7565
3258
8078
1391
9956
1083
7431
8175
1986
836
1427
4097
9083
8096
47
7312
38
3023
6088
7200
3515
858
6558
5780
6452
6867
3770
5611
9238
6926
5764
6076
7934
208
2952
4203
4350
2392
8659
2744
736
1878
9455
6279
9403
3849
7884
3981
3403
6637
5263
5877
9681
65
618
1255
7203
7878
6837
631
8619
2098
3446
8333
2920
4086
2399
4949
4958
9785
5713
5998
6333
3572
8895
529
8464
6124
8503
6465
4999
1749
3928
6357
6890
4727
3334
1738
1649
7586
5612
1800
9618
6439
1575
5753
9224
5481
750
3054
2388
9052
7709
5008
5424
4028
7835
1702
283
3391
7742
29
3772
5257
1230
6836
2224
253
5879
4021
8837
6448
46
180
702
4617
6552
363
8884
2227
1258
957
2356
9252
9938
3689
6928
1784
1164
9449
7688
2235
103
5893
8564
4242
8717
8933
6597
8779
2314
7151
1818
6491
6492
9128
8368
3094
7831
8141
7543
5678
5010
2653
5348
9757
3454
3232
4910
3404
6414
375
6721
4211
3848
4821
9734
8308
891
6713
7209
7035
2464
3835
932
2442
2773
873
4489
9824
4128
6998
2318
6347
4606
756
2611
5019
1543
9256
2751
7723
4802
8684
4854
9759
8246
6192
7363
8585
87
3369
8745
5923
1123
7223
3760
998
6623
4263
3655
9074
1221
2994
4301
4766
7336
3491
5597
5948
6896
78
5782
2158
1717
1086
4519
833
749
5967
6755
8267
2438
1329
6616
8329
8112
925
3873
8423
259
8735
6221
6490
9462
3295
6069
8991
5840
5231
1096
9322
1993
8740
8016
5972
8509
7632
4440
2374
1139
8567
7821
668
4660
308
116
3262
3449
73
4124
9469
2470
7008
9622
6716
2588
7765
6640
9173
8126
9595
679
9819
3273
9273
5192
3406
2219
3105
9291
4137
4491
1203
2564
256
305
4082
1982
5186
2087
1992
5975
7010
431
1200
1369
1619
5498
1895
8900
7394
7941
5943
7944
5157
7281
5784
4684
7309
8480
6058
4235
6298
4851
9484
2259
3469
8489
9123
7780
6313
8144
7266
9545
8416
6791
8163
7858
2359
1291
5901
3259
5557
3293
5402
4700
4163
9135
9143
3528
8852
8083
5478
3326
9614
3580
6038
5577
8767
8827
5491
5330
2876
4311
1701
1540
6434
3582
4721
1276
4067
4441
6958
8843
6796
226
5306
9801
1603
509
8285
6827
6368
8650
7330
2433
9044
8597
6718
8409
1574
4812
3030
555
5745
8376
3654
9185
5462
9262
6764
5342
6872
6282
3756
4013
7098
407
3911
6215
4515
2108
9987
2598
4080
3436
3411
8577
2960
3414
877
7891
6231
6308
7262
3893
6096
5870
3017
4912
2047
8821
6438
8845
9539
427
7827
9095
274
3335
2767
5956
3717
5396
6081
9945
3417
4225
6385
5788
7227
2781
8557
8100
13
9727
6536
1071
7947
8674
2296
8162
2672
9424
2194
9883
5114
1995
2196
7277
9427
6947
1730
1637
4321
2386
4439
8627
6341
4720
4600
8712
2659
9130
4157
4206
9289
1287
8586
6118
2603
9132
8720
7929
4221
560
3672
6432
9324
7178
2035
1653
1327
1671
4816
9959
5368
5308
2794
9650
9215
7023
4675
3421
4230
7623
7417
7757
4753
5398
9809
7272
4782
3781
3385
9917
6507
605
6480
4506
8455
5653
6593
241
4100
5376
9174
8377
79
8373
5093
8211
1595
4840
4099
956
1244
9536
5649
8230
4788
5981
7182
471
2801
8855
5215
9104
494
2687
6846
3067
7083
2663
9018
4571
8102
3062
7596
5129
944
7418
5298
3317
9922
2827
9426
9913
9602
3679
8793
6280
6291
6142
5460
1860
4310
5951
178
3936
388
3398
6397
2393
2019
2605
7074
9485
2312
5441
5331
9316
5413
694
1979
1830
5366
2800
1104
2493
7190
6050
8015
8103
8493
3046
5642
9970
7478
894
2919
7908
404
753
151
9386
43
470
3581
4471
356
1114
8366
3381
1138
7732
2237
6421
5722
6664
3840
1472
6839
6620
1189
9249
4038
1011
6626
9990
6496
8461
2479
5768
5407
1636
9196
6511
8901
1038
6099
1610
2005
4930
5054
3982
6996
8649
8043
112
2463
9593
4708
1911
8842
9717
5638
6690
3201
523
1748
7173
8247
141
6746
7081
4706
9575
1292
1060
1965
5197
152
562
8519
4224
6931
8922
2182
1829
4373
4115
9414
7463
2216
2157
3925
4338
1251
7165
9678
8128
3614
7276
1426
1899
9369
2543
5686
9346
6773
3076
2139
5917
3266
1465
3918
1907
7108
7943
8844
476
7923
2556
1647
418
4248
8206
3978
9416
5357
8617
9817
874
5391
109
8372
2725
115
7506
9352
276
6673
3440
6065
2702
6427
7562
2134
1989
4784
8314
7608
3998
4304
3284
5422
4349
2410
5632
8830
2864
5282
9441
1541
4252
2373
3882
2789
9891
9831
1856
8291
8347
3214
9066
578
5659
9732
6265
1383
8374
9515
1302
9237
3784
7419
865
3237
2508
1235
7056
7786
4679
1737
4261
6009
5772
3958